2.432824989253523673e-07
3.892519982805637876e-06
8.758169961312683104e-06
1.557007993122255151e-05
3.503267984525073242e-05
9.731299957014095199e-05
1.459622510155697457e-06
5.201282530315787537e-05
1.628775839634393646e-04
3.695172581214416804e-04
1.213449710379308670e-03
6.407117023888330917e-03
5.848685622277954865e-06
3.466610201271919122e-04
1.426996862087314983e-03
4.783079336648733172e-03
3.093246352336813387e-02
3.686876316890538852e-01
1.881550754924829485e-05
1.644064181017852169e-03
1.081137878040435221e-02
5.886471234172262201e-02
6.726973550285092474e-01
1.711017831947540913e+01
4.768359209567255783e-05
7.111748075639000473e-03
7.716114005022943478e-02
6.297286247212080523e-01
6.036709733942879019e+00
6.748253566577612617e+01
1.054072552686733755e-04
2.675343660406905716e-02
3.610188722551488372e-01
2.364292911074415304e+00
1.915197110904045630e+01
1.936592054865885757e+02
2.211787049655650791e-04
7.788442724623335922e-02
7.429004644226628873e-01
5.402785680520381995e+00
4.534461218512027614e+01
3.378278032016058319e+02
4.422776900776164495e-04
1.558317180258687318e-01
1.273565830146828448e+00
9.928630085780433490e+00
9.069919215769370169e+01
4.885390850729856993e+02
8.143823234488612242e-04
1.807454559963281027e-01
2.020634452967016603e+00
1.569605024084718892e+01
1.645073605312687448e+02
6.916587207967652375e+02
1.238017921493236861e-03
2.526678059182999592e-01
2.623919174209228267e+00
2.350500886708573844e+01
2.574679683772370140e+02
9.655988222577103670e+02
1.335344207105550835e-03
2.769758814703643934e-01
3.709765850724897618e+00
3.364682663599433710e+01
3.845908224124807475e+02
1.256606836717457099e+03
9.667353068608063298e-04
2.988668095361441401e-01
5.032776679226417471e+00
4.387098972094021576e+01
5.334648721945508214e+02
1.594478539090109734e+03
5.055675517788593178e-04
3.425007535269570802e-01
6.426008060333677108e+00
5.712394653222165886e+01
7.175009740290688569e+02
1.969299726113485576e+03
2.152229080883304635e-04
3.658511236838241643e-01
7.920140738305209815e+00
7.218273924946541342e+01
9.132486667965233664e+02
2.321874116519893960e+03
9.410919883580057006e-05
3.761057375672132164e-01
9.588562904682577326e+00
9.099109780418261550e+01
1.138117126507566581e+03
2.767365173113025321e+03
8.806227657644611045e-05
5.079638702691424701e-01
1.134699906659215074e+01
1.091934238797855130e+02
1.383929327996070697e+03
3.245335288402817241e+03
1.228902093828120978e-04
5.904752721757351441e-01
1.401920122460167484e+01
1.276793106233352830e+02
1.681993778287229134e+03
3.739949151386298581e+03
2.640450838984728828e-04
7.341891512151602628e-01
1.654061692640435410e+01
1.463500337632435446e+02
1.985472508176589599e+03
4.308854044897697349e+03
7.267131891555146357e-04
7.936291106825611452e-01
2.044447202835198496e+01
1.684401904733962851e+02
2.329215620049303197e+03
4.917193432261116868e+03
1.956917471505025419e-03
8.231917274850559796e-01
2.357217159681394136e+01
1.981662064610783318e+02
2.703606404742135965e+03
5.648381032461054019e+03
4.429224915719485317e-03
8.970787121231487138e-01
2.580413817644486230e+01
2.240898571137823865e+02
3.098831917550639446e+03
6.179658008027397955e+03
7.243952536033429132e-03
9.808411295452940104e-01
2.984298669172108376e+01
2.493853055627193669e+02
3.533483571416964878e+03
6.872338223224306603e+03
7.744055319146996713e-03
9.955686543650201781e-01
3.502621491892481487e+01
2.811918950447673637e+02
4.028858748109416865e+03
7.600415849756479474e+03
5.920560299230346289e-03
1.208678208319212022e+00
4.011056649438080512e+01
3.112961087113438907e+02
4.550211928223668110e+03
8.409563585326077373e+03
3.936350313200452471e-03
1.323674626621854644e+00
4.528384433683589805e+01
3.388339586958879295e+02
5.091882729983699392e+03
9.328924981728334387e+03
1.918402552355219981e-03
1.446302807496412823e+00
5.304522820427775542e+01
3.682479630532652664e+02
5.626960981246088522e+03
1.022788396514179112e+04
7.170320227766652536e-04
1.713301732367480845e+00
6.032987111352026943e+01
4.020155284808713532e+02
6.202792670167866163e+03
1.118699836256249728e+04
3.886664590410854932e-04
1.821604699060680677e+00
6.501283813707770776e+01
4.395742878183775133e+02
6.801116912586102444e+03
1.211031023960275343e+04
4.938468465556346623e-04
1.943811512166416344e+00
7.006766897800157778e+01
4.804732546577727135e+02
7.473090638024245891e+03
1.311104945585194764e+04
7.693931908844667050e-04
2.151753895596102417e+00
7.511699151099435312e+01
5.217412175740590783e+02
8.119002237059459731e+03
1.424360409483022522e+04
1.163988592514922892e-03
2.160568914904385185e+00
8.513036593771123250e+01
5.620583855929664878e+02
8.849132330942689805e+03
1.530286804949208636e+04
1.857413235346793735e-03
2.300449360527795584e+00
9.433384138609712011e+01
6.036543907043512718e+02
9.546633824154410831e+03
1.627555005342433651e+04
3.875835432598332807e-03
2.225409152752343633e+00
1.024663319955895702e+02
6.494720175639845365e+02
1.031716853687309595e+04
1.734726143468304508e+04
5.658479509285515782e-03
2.544216292390208967e+00
1.100360263091909303e+02
6.881669485142742815e+02
1.108444549260530403e+04
1.870245718698445125e+04
5.923946341085190720e-03
2.708794395469277472e+00
1.188118467255875288e+02
7.253286458490812265e+02
1.193665595259115071e+04
1.996735688098803439e+04
6.094233701408574566e-03
2.822641485889064494e+00
1.289173497666280923e+02
7.690336939488457801e+02
1.282705985264143601e+04
2.137296975712923813e+04
5.104605919678126096e-03
2.778013267363449668e+00
1.386902122128328472e+02
8.300626880815734694e+02
1.375257874549889311e+04
2.298388864132140225e+04
3.159942970828636885e-03
2.891242071264066293e+00
1.475110812246973921e+02
8.935824862270270614e+02
1.471598715012043067e+04
2.452970276841371742e+04
1.645406397350252176e-03
3.170890207173247877e+00
1.581802127592520719e+02
9.403111287630504194e+02
1.563593036819194276e+04
2.619775670966277539e+04
8.699845678368711352e-04
3.556323070370193573e+00
1.703464085931673253e+02
9.913762487885516066e+02
1.668549517600300169e+04
2.773153875890486233e+04
8.697657438247760695e-04
3.681310181405897719e+00
1.844488381411912314e+02
1.045920639908425755e+03
1.772199027047061463e+04
2.937801348964532008e+04
1.039659415085960681e-03
3.746909350746193024e+00
1.946707263793033746e+02
1.101252579327718195e+03
1.884373184002307244e+04
3.104269955823959026e+04
1.645889443965715092e-03
3.898996655531851374e+00
2.064512270092826043e+02
1.156771634528511413e+03
2.004951539479635903e+04
3.300449160181674961e+04
2.532092279262710289e-03
4.123687737060468095e+00
2.237509845673266682e+02
1.213430622228140692e+03
2.115941881582351925e+04
3.518644636874884600e+04
2.063396065862066562e-03
4.275849846119739617e+00
2.375732363323184018e+02
1.275306652659459132e+03
2.261253262917846951e+04
3.693422569298988674e+04
1.202195469764090995e-03
4.658322418152271993e+00
2.489730951906153962e+02
1.334715959989459634e+03
2.383067124867740495e+04
3.906663902606318879e+04
1.303219454337887183e-03
4.782665035856633828e+00
2.646342840276499260e+02
1.386633809597539312e+03
2.527070199410454006e+04
4.146430888930711080e+04
2.044578899936230158e-03
4.992799072067548138e+00
2.821116966614314947e+02
1.442904546365275792e+03
2.671951325719858869e+04
4.361018821857378498e+04
2.571673140086376975e-03
5.074496087766315888e+00
2.995445787303423231e+02
1.517473045223134932e+03
2.846676443468037178e+04
4.550332459812937304e+04
2.271548505720399989e-03
5.119375427600719952e+00
3.166851332940510133e+02
1.574850652273383730e+03
3.013614849522589793e+04
4.754969382733371458e+04
1.678003588515528371e-03
5.478864467806107363e+00
3.356619740999320243e+02
1.646251051286969641e+03
3.173349701518524307e+04
5.000053639176909201e+04
8.155707502731375080e-04
5.613629738476332953e+00
3.534046045998524619e+02
1.722144773018219212e+03
3.334682475519864238e+04
5.241682299496611813e+04
8.368443936494851867e-04
5.862648893332122135e+00
3.797823795133334102e+02
1.795506688414743621e+03
3.521982339952454640e+04
5.493657536284741946e+04
1.193358995306689546e-03
5.947841036078338917e+00
4.033436805838163650e+02
1.863216684186360453e+03
3.718612341926935187e+04
5.731631027044518123e+04
1.985881010830947788e-03
5.995019474170652174e+00
4.215808230955777844e+02
1.946462798129941802e+03
3.908652231766605837e+04
5.955982636201430432e+04
3.404184926245846284e-03
6.459920797349757215e+00
4.428786256234002963e+02
2.031057684945976689e+03
4.088843441610570153e+04
6.290342098359227384e+04
4.017433154612247426e-03
6.784421892829169742e+00
4.686693736736987717e+02
2.092274248590660136e+03
4.254594408054518863e+04
6.554193308853525377e+04
4.110829358241796343e-03
7.185263017650266093e+00
4.902526464217347666e+02
2.143154598221563447e+03
4.467784597432853479e+04
6.819068076113495044e+04
4.447862872797035509e-03
7.340334013198826391e+00
5.166302034487271158e+02
2.216670730574369827e+03
4.664314029888228833e+04
7.135901296022866154e+04
4.559216936365314762e-03
7.734211164156286067e+00
5.526252800991788945e+02
2.297508431792440661e+03
4.860122146917878854e+04
7.455431981286451628e+04
4.150308519269921455e-03
8.029023936676498607e+00
5.839835915172421892e+02
2.381369978942941088e+03
5.033836288949993468e+04
7.713759944383482798e+04
2.267006164419019861e-03
8.345594769261625245e+00
6.104697297384049079e+02
2.470860085857603735e+03
5.277349514561489923e+04
8.022343555198222748e+04
8.845292184091423354e-04
8.684330963797304292e+00
6.425465015088453811e+02
2.556511739215653051e+03
5.461426357925526099e+04
8.306598229160536721e+04
1.334172393851397248e-03
8.859046147149637562e+00
6.753327385996155954e+02
2.639917529573279808e+03
5.704378399282455212e+04
8.629028869477732223e+04
1.832413623646854395e-03
8.947948496241226124e+00
7.028479008474459988e+02
2.740783426447600959e+03
5.916993410805193707e+04
8.886853452912923240e+04
1.168083342619120023e-03
9.474585707396988354e+00
7.306076177577627959e+02
2.824207378191317730e+03
6.124786859846167499e+04
9.287527201812516432e+04
1.035426719425259264e-03
9.751077331372343338e+00
7.675345936057144627e+02
2.876427489387426704e+03
6.383024818120854616e+04
9.603643230877153110e+04
2.394560155818837438e-03
9.969172033674626121e+00
8.153377244657997380e+02
2.971835232412316145e+03
6.611916177941102069e+04
9.932450329389044782e+04
2.894211400159922391e-03
1.033364544107554650e+01
8.582379537255392279e+02
3.076517598101624117e+03
6.820978002054881654e+04
1.018935415835191525e+05
2.479758144800726840e-03
1.058578830273320825e+01
8.966191749385699268e+02
3.154002677781054444e+03
7.092520258414039563e+04
1.049078208183495444e+05
3.035680155925101625e-03
1.081589823637791170e+01
9.347993427201037093e+02
3.244914374832851536e+03
7.377529052077396773e+04
1.084320821623469092e+05
3.910874851175074815e-03
1.112046009174664896e+01
9.834074455005012396e+02
3.353505410251826561e+03
7.631034533792236471e+04
1.122412479240704124e+05
2.649244140034669442e-03
1.118285165635852252e+01
1.032968405269292361e+03
3.434487626640179769e+03
7.874403918751893798e+04
1.150133913833822444e+05
1.679679282714903249e-03
1.140470836298853285e+01
1.070733917414068628e+03
3.527624182321266744e+03
8.182367681278142845e+04
1.171565954057814961e+05
2.471691951108475217e-03
1.171293943202354271e+01
1.110591647142713327e+03
3.636753009315037161e+03
8.401253474590760015e+04
1.207876474251445761e+05
2.593858130019468383e-03
1.218015215586937749e+01
1.168194785705288950e+03
3.729729356355919663e+03
8.661859264284324308e+04
1.243883760233025969e+05
1.808465471810858597e-03
1.249055912797794754e+01
1.227910411034617937e+03
3.825091851728034271e+03
8.908313019875544705e+04
1.264523305657139572e+05
8.636859864871291757e-04
1.302152267644531314e+01
1.279388771613525932e+03
3.950376936741725785e+03
9.199441088450052484e+04
1.310328597093036369e+05
6.716479122388368129e-04
1.338549211490952828e+01
1.330439825036674847e+03
4.047377500033364413e+03
9.477448851830139756e+04
1.333644940908947901e+05
1.576778949117979556e-03
1.429579059784294870e+01
1.391946607268845582e+03
4.140737366719525198e+03
9.803007699702987156e+04
1.377808445468701830e+05
3.523493981797225488e-03
1.414495547272548670e+01
1.441216654362632198e+03
4.254927857889219013e+03
1.015653204584287305e+05
1.419783247460701095e+05
4.051218423091554506e-03
1.441499752349307251e+01
1.560902673361876850e+03
4.355953073572512949e+03
1.033307038137835480e+05
1.455968061953799915e+05
2.548046568187645362e-03
1.496402463239599179e+01
1.799208551929184978e+03
4.459930203464778060e+03
1.060276671244544705e+05
1.481015689983971242e+05
1.561091516699346414e-03
1.500933203905169577e+01
1.890800669134646569e+03
4.584529745556315902e+03
1.090200176374386938e+05
1.518121460827029950e+05
1.481673034732494849e-03
1.573429611098365299e+01
2.139994791209223422e+03
4.698971111436106185e+03
1.119531462001824984e+05
1.560776626301074284e+05
2.544677696274031450e-03
1.601969841666099370e+01
2.372594156958631629e+03
4.805799639427724287e+03
1.148604772288182139e+05
1.609538354060579732e+05
4.521479493563134930e-03
1.599146029406948344e+01
2.375650205084414665e+03
4.900038489456684147e+03
1.174284366462699836e+05
1.642776688154689909e+05
4.930883882213759131e-03
1.648828108808341852e+01
3.084423323298453852e+03
5.044152802435577541e+03
1.212642464899424522e+05
1.670365124227535562e+05
3.449611868277902699e-03
1.674319633336176594e+01
3.180580229505210809e+03
5.177981380052940040e+03
1.233156486876417766e+05
1.697733583884964173e+05
2.042583972843962231e-03
1.682126097283606825e+01
3.241130571923759362e+03
5.275874867936005103e+03
1.264575732431352517e+05
1.726974083320789505e+05
1.623111049493502177e-03
1.788791680003376783e+01
3.465218411503334664e+03
5.386763091243232338e+03
1.293860202848171029e+05
1.767210337305602443e+05
1.782701674943132017e-03
1.843557729869576178e+01
3.396679619015993467e+03
5.538082871695329231e+03
1.319310449319847103e+05
1.791793661232814484e+05
1.875319823991369785e-03
1.911746576342758530e+01
3.576567820712593857e+03
5.679215734310559128e+03
1.356545335683890153e+05
1.835957660221472615e+05
2.008224417542447959e-03
1.937104325777931635e+01
3.990350846920951881e+03
5.777703036530798272e+03
1.390656575097113964e+05
1.880946724632315454e+05
2.215534457352151283e-03
1.956894554390221685e+01
4.018976121188245997e+03
5.911192273889480930e+03
1.421702478879537666e+05
1.917872538685367908e+05
2.192042531598141757e-03
1.999831206265647410e+01
4.299236523005232812e+03
6.048984962481894399e+03
1.440629417775518086e+05
1.960173053527030279e+05
2.266159407946710062e-03
2.063671231502056713e+01
4.670438224460144738e+03
6.157599207451570692e+03
1.470802679762061161e+05
1.981606490530556475e+05
2.349350280678408082e-03
2.054770465535953505e+01
4.931490706255264740e+03
6.295904685187707400e+03
1.501085644473290886e+05
2.018159214279071894e+05
2.998331990888673110e-03
2.074096292006572995e+01
5.337754390183832584e+03
6.449248397926745383e+03
1.537995130511262105e+05
2.049924052747303213e+05
3.627710227613690618e-03
2.134805378779086737e+01
5.568508778569716924e+03
6.586072132237516598e+03
1.557311680072781746e+05
2.102400487302694237e+05
