1.045079919879135558e-06
1.672127871806616893e-05
3.762287711564887670e-05
6.688511487226467571e-05
1.504915084625955068e-04
4.180319679516541825e-04
6.262534051711947848e-06
2.230988361299832004e-04
6.997144269389597064e-04
1.589639176217115014e-03
5.217159568840334938e-03
2.751759903726631179e-02
2.509106698174247665e-05
1.492703201619259871e-03
6.140929607237587302e-03
2.056958618292837812e-02
1.330644451318500343e-01
1.585963670591607366e+00
8.091756754508933275e-05
7.088035704548870108e-03
4.651573950021722914e-02
2.530858673121309521e-01
2.892039152379195954e+00
7.354764865309455502e+01
2.055511504310378497e-04
3.064048205919057966e-02
3.318110733025789738e-01
2.706885508452004707e+00
2.565188337165800903e+01
2.890481384949039807e+02
4.547035236034993036e-04
1.151828526166591149e-01
1.550050286151808177e+00
1.007617133081027738e+01
8.138947318076954218e+01
8.295134069485551436e+02
9.545047642565906380e-04
3.349461723745285613e-01
3.181761130214026068e+00
2.302165364474792497e+01
1.929190228579800532e+02
1.449750434289994018e+03
1.909161704470178520e-03
6.696541048621714731e-01
5.450412264277768593e+00
4.197250966683668594e+01
3.853710805000589517e+02
2.088470517300589563e+03
3.515766290490012717e-03
7.724938321441393585e-01
8.634955405561020925e+00
6.621677504582693530e+01
6.997214873202123044e+02
2.953168456588429308e+03
5.344786192520398736e-03
1.078103573401890225e+00
1.123634687502251417e+01
9.931262746218547477e+01
1.095884095117457946e+03
4.141376898244005133e+03
5.764819027695026847e-03
1.179675105555307191e+00
1.585976597351751494e+01
1.420328054464627030e+02
1.638929755961505180e+03
5.506755040529973485e+03
4.173090165186966495e-03
1.285980183156968604e+00
2.153036904729214029e+01
1.850750191568680521e+02
2.272890890721207143e+03
7.446036343128614135e+03
2.181830654043991329e-03
1.462751671525909014e+00
2.749799185139609037e+01
2.413283673602166743e+02
3.058924419026282521e+03
9.930763763054028459e+03
9.269511141796797854e-04
1.558637454035363579e+00
3.380120784129682932e+01
3.055448647424920523e+02
4.018470856555924911e+03
1.228860101601927636e+04
4.028260460092029666e-04
1.607084530847117998e+00
4.089360325277896635e+01
3.857349537326293216e+02
5.409950977114336638e+03
1.538142440275578338e+04
3.714021770236449892e-04
2.184457043995682746e+00
4.832404880108745004e+01
4.632069045482894580e+02
7.156993020988904391e+03
1.888285922947242216e+04
5.194402908692662005e-04
2.527552248152786785e+00
5.968724773281140727e+01
5.411278399315220895e+02
9.359851275722903665e+03
2.232303040559891087e+04
1.130788486177810009e-03
3.143880593883439101e+00
7.041475341506473740e+01
6.203229778986379870e+02
1.116228916764040150e+04
2.598910129720506666e+04
3.129474302964848666e-03
3.411717280672541097e+00
8.708223439959564871e+01
7.145498925796532603e+02
1.406113862424898434e+04
2.989993096283356135e+04
8.438438264800073724e-03
3.536098129584325012e+00
1.005715989173746152e+02
8.410062792881011546e+02
1.723532804176112040e+04
3.488118620989168267e+04
1.910796262224064707e-02
3.842659176258913067e+00
1.102137524561043449e+02
9.505673954489883499e+02
1.970007882148998033e+04
3.773381203478422685e+04
3.125363329410061480e-02
4.203106210470680892e+00
1.271528279156648864e+02
1.058782750603506656e+03
2.254977117629144414e+04
4.189995623405257356e+04
3.341017025091239795e-02
4.255121170534854613e+00
1.492279685874391078e+02
1.196268205935434707e+03
2.528122977295887176e+04
4.647903644746381178e+04
2.555425111178808925e-02
5.163115940726390463e+00
1.710679098851077242e+02
1.324560501763480033e+03
2.911230331884597763e+04
4.994948031192776398e+04
1.696560627345947841e-02
5.656755263285612401e+00
1.934676126886893428e+02
1.443899693398033151e+03
3.216064837701279248e+04
5.310774177710241202e+04
8.257114085654156804e-03
6.176608132269412188e+00
2.266069827909600178e+02
1.577168279984727405e+03
3.503721013936260715e+04
5.705479498697793315e+04
3.073320720733488994e-03
7.277127860420913308e+00
2.575279071164164861e+02
1.733929908346266757e+03
3.789737400408939720e+04
5.992242501905489917e+04
1.648140434180326869e-03
7.720667724303018176e+00
2.779644372166542325e+02
1.901287202939311328e+03
4.225732087964544189e+04
6.426204524433442566e+04
2.099466504870297397e-03
8.260521883688886291e+00
2.995220121555269657e+02
2.094329473564595446e+03
4.559389671111730422e+04
6.689616540696870652e+04
3.295497062603429915e-03
9.136574041212480068e+00
3.210993780556812567e+02
2.280447218311671804e+03
4.816222513157161302e+04
7.170174958000764309e+04
5.002543536614620714e-03
9.207252147413147014e+00
3.638023874511203530e+02
2.463815025335630708e+03
5.064002092790857569e+04
7.454856482567073544e+04
8.008811826788187621e-03
9.766299802462594215e+00
4.030594331135038146e+02
2.655888672615860742e+03
5.242326865909849585e+04
7.639113081707870879e+04
1.669321948897482463e-02
9.444540385437841579e+00
4.376587152803258505e+02
2.884795670430561131e+03
5.668496587875192199e+04
7.859768389959131309e+04
2.438311569956537125e-02
1.079076692243264723e+01
4.697777888290380019e+02
3.083130575378194408e+03
5.949955833831014752e+04
8.108449161063683277e+04
2.556790528849358160e-02
1.150519858891030900e+01
5.069764857883663467e+02
3.279497713256756469e+03
6.051372613494976395e+04
8.398254500851818011e+04
2.627540507813214826e-02
1.195453972441935697e+01
5.506641558270656560e+02
3.518533099106291957e+03
6.360654096536720317e+04
8.715012272130590281e+04
2.197858380854030708e-02
1.177842163808375275e+01
5.915031008258591783e+02
3.832471230709795236e+03
6.648704864642166649e+04
8.885019054868379317e+04
1.359621763127246905e-02
1.226296183128773087e+01
6.286646329513756655e+02
4.186160088582674689e+03
6.919131637487452826e+04
9.121576564012905874e+04
7.071178091353169833e-03
1.346460271668882491e+01
6.743571443077879621e+02
4.486901077047368744e+03
7.202538448069190781e+04
9.315073100451911159e+04
3.733100711632381542e-03
1.511188991739123466e+01
7.259707769476356134e+02
4.757425109815008000e+03
7.419410339347663103e+04
9.565022582832448825e+04
3.721560636280339240e-03
1.563501934994270393e+01
8.129278423782759546e+02
5.049495644700110461e+03
7.794889223111353931e+04
9.859549069851943932e+04
4.467570935432499390e-03
1.587596668636071406e+01
9.719425656960137303e+02
5.393832006526589794e+03
8.093406278356797702e+04
1.005099033496378979e+05
7.090085094930244532e-03
1.652874842045062209e+01
1.043018620109635776e+03
5.770218306127912001e+03
8.346139615818386665e+04
1.025117434039344953e+05
1.088240779707262858e-02
1.748297787250180590e+01
1.259147181543411307e+03
6.054743013451178740e+03
8.514459245228413783e+04
1.048954520203674329e+05
8.872771801277884104e-03
1.812897436185766153e+01
1.392135059565749998e+03
6.391008290964417029e+03
8.750048230445588706e+04
1.070426198584123049e+05
5.177102586591190818e-03
1.974639225697098865e+01
1.440935709035219361e+03
6.743257137514906390e+03
9.046548676048895868e+04
1.080012003537482087e+05
5.600327631571552431e-03
2.027299691938067383e+01
1.846134426639972162e+03
7.054505023853004786e+03
9.059001144845344243e+04
1.094658892917415942e+05
8.782734988517532093e-03
2.117976372554866415e+01
2.042578854196355223e+03
7.496533477370781839e+03
9.220406143101131602e+04
1.113461216913890530e+05
1.104279457558282260e-02
2.154014351628535806e+01
2.105186907594845707e+03
7.930134152251231171e+03
9.336137293819578190e+04
1.125230454040416807e+05
9.754455540752235074e-03
2.177954361721831944e+01
2.188065061674796652e+03
8.343032954475665974e+03
9.577042274651727348e+04
1.126954813107981463e+05
7.181492498086547091e-03
2.326109531413156617e+01
2.316307114583256407e+03
8.667258039987360462e+03
9.859026772982403054e+04
1.134860185588272288e+05
3.490281188799997363e-03
2.382639411646716709e+01
2.406470803953195627e+03
9.298721768152481673e+03
1.001690059035256418e+05
1.159373812182187539e+05
3.588943749832817619e-03
2.489852925560229124e+01
2.798471833639178385e+03
9.679885020751074990e+03
1.015725675825676299e+05
1.190305212917800818e+05
5.113673998116231162e-03
2.519776016350856551e+01
2.840357027355294576e+03
9.965092847782898389e+03
1.033854066124796664e+05
1.203422063320477610e+05
8.514186675995825265e-03
2.538655452374965549e+01
3.037831405520415046e+03
1.030474723758373148e+04
1.044677729476958193e+05
1.190721989153545292e+05
1.463057890919312182e-02
2.740134640811271538e+01
3.241660197279507429e+03
1.077306203485345577e+04
1.066177650294881169e+05
1.214667972958920582e+05
1.731889191986139137e-02
2.877745311373532999e+01
3.498138318319556220e+03
1.122408411916939804e+04
1.071064768509692658e+05
1.234748557033679535e+05
1.773194380236453940e-02
3.050963144660740056e+01
3.799800855286099704e+03
1.164843808407829056e+04
1.080267048422076332e+05
1.240611366267884441e+05
1.915349370939217755e-02
3.115651525584690162e+01
3.996739160326732417e+03
1.203804205132551215e+04
1.089419130528981914e+05
1.230427004675813951e+05
1.960908110486363556e-02
3.283955146109975232e+01
4.082612253996396703e+03
1.263538298250495427e+04
1.107533593771702872e+05
1.226778847352515877e+05
1.780288214894826249e-02
3.406146316691880571e+01
4.411980427886249345e+03
1.313580340902728858e+04
1.120062239341574750e+05
1.261928412816100608e+05
9.707883704134384964e-03
3.540942575612562138e+01
4.493243475285701606e+03
1.373453719376394656e+04
1.127676069188471301e+05
1.280652043499251740e+05
3.783677066336831041e-03
3.681807673870472541e+01
4.735504331360344622e+03
1.422477302455919380e+04
1.142820827911979868e+05
1.279176535250123707e+05
5.702468904455244673e-03
3.757651559439361222e+01
4.890590454409704762e+03
1.466385727523583591e+04
1.156899730113479309e+05
1.290678981372816052e+05
7.827436630656100375e-03
3.796998261576909783e+01
4.946003159818655149e+03
1.524693257067255763e+04
1.162949231126477534e+05
1.281355977972422406e+05
4.978010505545238211e-03
4.026126357737732064e+01
5.072917450756286598e+03
1.574311484929641483e+04
1.160815519854331505e+05
1.302773506865754171e+05
4.425917159673562265e-03
4.142839827038616107e+01
5.261200487804387194e+03
1.619029790018398307e+04
1.175611019309512340e+05
1.298501035531942907e+05
1.027033289320311744e-02
4.230804992556117128e+01
5.467379142742024669e+03
1.686655222303608753e+04
1.185931474071625271e+05
1.290983254799039423e+05
1.245246069545349193e-02
4.384412326774519642e+01
5.667315302286542646e+03
1.747200192365504699e+04
1.205180993602653762e+05
1.297416640135446651e+05
1.068550794981499956e-02
4.491164493648015110e+01
5.864456931628524217e+03
1.784011436255557783e+04
1.206387086283812969e+05
1.304691510392271593e+05
1.305427907010578946e-02
4.587347613835463278e+01
5.978618147329394560e+03
1.834379628696808140e+04
1.221651427305666730e+05
1.314041788261497277e+05
1.677926894080610659e-02
4.723888364685476660e+01
6.153539382290183312e+03
1.913309110289543969e+04
1.203430985978438111e+05
1.295428269934787968e+05
1.136225412486413511e-02
4.743521559764977980e+01
6.388863996382890036e+03
1.975528312216622362e+04
1.221836095715896954e+05
1.314236071041516261e+05
7.209231756316728836e-03
4.839608578063803179e+01
6.528646302568898136e+03
2.019587313645164249e+04
1.222622655126186146e+05
1.298895728713303688e+05
1.058498823981414601e-02
4.973405763811615543e+01
6.665491568322206149e+03
2.078889946195851007e+04
1.218077884337024443e+05
1.307394495452523406e+05
1.111773222610720410e-02
5.167270204554947099e+01
6.842288754663689360e+03
2.149373658451961091e+04
1.229643811329530436e+05
1.307081469175474049e+05
7.742865106011823269e-03
5.310472466882580989e+01
6.988240253647233658e+03
2.227228698514249845e+04
1.237846430001530825e+05
1.315086115468136268e+05
3.689868667196917300e-03
5.536674428775747714e+01
7.136960397333629771e+03
2.267733995567619786e+04
1.241355094550914800e+05
1.301746137436478602e+05
2.870482861834220464e-03
5.677562436075934471e+01
7.331561272530273527e+03
2.315281368930404642e+04
1.248923168949483079e+05
1.319424061332394776e+05
6.766009481885401286e-03
6.069576200467636795e+01
7.510853543751655707e+03
2.378479923104506088e+04
1.254452080181874189e+05
1.328996548353320104e+05
1.512000408716248495e-02
6.001461463923313744e+01
7.736999145419810702e+03
2.482642963592447995e+04
1.261129149481948552e+05
1.329383587765794655e+05
1.740437775949183960e-02
6.116798523431545220e+01
7.905007617370196385e+03
2.531987166111863189e+04
1.243770223163294140e+05
1.327212380033629888e+05
1.096628945516461492e-02
6.360957358099026493e+01
8.038420870736593315e+03
2.557550201434643532e+04
1.262554241292771039e+05
1.314222896958957135e+05
6.700314256191880827e-03
6.379953512844083718e+01
8.234373482559456534e+03
2.645929956757603213e+04
1.257570278501377179e+05
1.351230698268319538e+05
6.340957506157979609e-03
6.680778800008013718e+01
8.345056775905370159e+03
2.707106822503086369e+04
1.266762677970162476e+05
1.327850258656018123e+05
1.090373886629356082e-02
6.809228278007532253e+01
8.528797155430373095e+03
2.771310549542671288e+04
1.281892775221656339e+05
1.339839651794508391e+05
1.939344274728117823e-02
6.791430685477874363e+01
8.765199395243602339e+03
2.834767813447413937e+04
1.282149468207969330e+05
1.347938395102013601e+05
2.118294160139064936e-02
7.005593206002973261e+01
8.955323453120690829e+03
2.894377831351464556e+04
1.289089148409503541e+05
1.356448406768052955e+05
1.482763213012197948e-02
7.108686428829481940e+01
8.993607835839058680e+03
2.936825249196281948e+04
1.287142715561722871e+05
1.358236398397604644e+05
8.750621202369902180e-03
7.130281127228843729e+01
9.164537284128229658e+03
2.997517378017722149e+04
1.280002665368737944e+05
1.344498327677596826e+05
6.927973441304806530e-03
7.590966753829583524e+01
9.432363478083820155e+03
3.084012558609272310e+04
1.290725570335096854e+05
1.341983284642148064e+05
7.607700523684638415e-03
7.831388705183444188e+01
9.548329482946202916e+03
3.196578428643067309e+04
1.291514305778796406e+05
1.347307883966246445e+05
7.991902561723513571e-03
8.126821057095393996e+01
9.960248839290514297e+03
3.229780434746411265e+04
1.298025834407266957e+05
1.351904831077831332e+05
8.573470332316434489e-03
8.217971324116275866e+01
1.012126780344743202e+04
3.278832817672203237e+04
1.307961435936225025e+05
1.341766910714989644e+05
9.480959528671022499e-03
8.289525646838757211e+01
1.056726610768908722e+04
3.331064548347618256e+04
1.299600802010871412e+05
1.330190472074739228e+05
9.377751074395092659e-03
8.480202451429373411e+01
1.069920736198261511e+04
3.432688573113184975e+04
1.314624280923625629e+05
1.363308500325221103e+05
9.661896418322355601e-03
8.756867075666204414e+01
1.074796085404778751e+04
3.518465926741740986e+04
1.320516434855604894e+05
1.354870366084589914e+05
1.004270884743436142e-02
8.717840577460270879e+01
1.090023391568439547e+04
3.532518267148439190e+04
1.319939632158128079e+05
1.347380918085305602e+05
1.284800783949847230e-02
8.799056775203965231e+01
1.123006387963752968e+04
3.578027896443409554e+04
1.308544985318017571e+05
1.329981854804968752e+05
1.552286736509720863e-02
9.033242846857451980e+01
1.140437505951000094e+04
3.661392219321018638e+04
1.318696909769597987e+05
1.339470080582078081e+05
