1.030187732527997373e-08
2.338302383808356347e-07
3.860247466328591959e-06
6.188744755901854494e-05
1.415075857497385101e-07
4.101142645467048893e-06
8.822681492370464031e-05
1.457721297202235842e-03
1.480510228816494756e-06
5.282035687198059472e-05
1.144528564000611747e-03
1.889171773552893174e-02
5.681885958746519638e-06
4.436402283111166227e-04
1.371838996970513314e-02
2.341245695756333234e-01
1.013422529811830125e-05
1.269741249434846271e-03
1.060621552453503980e-01
2.830081464276053005e+00
1.757706064791854275e-05
2.824365767130482090e-03
2.777916419967988992e-01
2.055306571270053695e+01
2.414643627651294838e-05
5.036814140997856321e-03
5.340104447051094994e-01
5.810066795635849246e+01
3.277512440358099381e-05
7.719940551273539626e-03
7.934324941627721728e-01
1.146630659475124787e+02
3.671311129320224632e-05
1.128857578880000136e-02
1.210663475450181270e+00
2.025521910311482543e+02
3.765299526655925576e-05
1.427925823200163445e-02
1.792853414925897670e+00
3.164483755340929747e+02
4.534443128465653894e-05
1.695040006972345012e-02
2.609051298027937893e+00
4.816217731858216098e+02
5.073516431887740118e-05
2.194390671303196941e-02
3.551016406102363465e+00
6.491428518681344713e+02
4.858400957840780402e-05
2.734803426896315059e-02
4.370138647497966211e+00
8.426929413290404227e+02
5.469833807122273999e-05
3.372366765745250794e-02
5.474921824794973801e+00
1.041304388670232356e+03
6.544852115317504552e-05
4.045926722392245017e-02
6.539324343033039000e+00
1.261275193303218657e+03
8.096569091964642790e-05
4.644187585438033089e-02
7.684613402030482376e+00
1.545884527404415394e+03
9.280899068197610705e-05
5.099433221440990288e-02
9.212587196909167275e+00
1.836603722517561891e+03
1.037426909974006667e-04
5.684881395158313672e-02
1.059615279393773868e+01
2.146110258563900061e+03
9.610888086151293070e-05
6.339691337686796657e-02
1.181426813952046828e+01
2.436504901193573005e+03
1.108169544939579702e-04
7.355519799254026103e-02
1.335603761236363418e+01
2.809431003700405199e+03
1.308525914970122181e-04
8.168862385358850731e-02
1.529043541552157848e+01
3.185981733308829007e+03
1.337959059636994617e-04
8.679166624247228179e-02
1.720789123766599715e+01
3.593077729985308906e+03
1.308587597703627530e-04
9.600652215768948339e-02
1.904479577886200303e+01
4.027607661949015892e+03
1.378982016171193621e-04
1.096871498005864559e-01
2.078587872946926041e+01
4.509702533831092296e+03
1.481835613828483300e-04
1.207414502540358481e-01
2.285627731592786560e+01
4.932504914356269182e+03
1.484617104544028957e-04
1.305478480929926632e-01
2.509535743515164086e+01
5.490002981290142998e+03
1.441269653886500244e-04
1.439392811946571538e-01
2.743419966776487229e+01
6.073497171690484720e+03
1.489292576789787777e-04
1.596822426049847587e-01
2.985987619314181885e+01
6.626736987352234792e+03
1.549985113979886219e-04
1.742531133290486645e-01
3.232276308864351222e+01
7.191794640758512287e+03
1.712557386493972482e-04
1.805789491069170472e-01
3.480523497764484375e+01
7.821558069823344340e+03
1.795420515341195110e-04
1.897985729510388297e-01
3.778743333964612106e+01
8.537711165184166020e+03
2.046226106781370532e-04
2.052591768408765227e-01
4.090359921370288276e+01
9.276953187896187956e+03
2.379513819035409085e-04
2.134912461807239037e-01
4.410173902524687151e+01
1.010671063218575364e+04
2.631769696606563506e-04
2.211484390704559211e-01
4.658740124474905286e+01
1.098668596083429657e+04
2.701466489423359285e-04
2.311713158091734110e-01
4.945583806884935285e+01
1.177283231882396467e+04
2.788665141850486069e-04
2.415396277683047321e-01
5.312511989254695521e+01
1.256444076035952457e+04
3.032093318466719169e-04
2.542191037306574808e-01
5.545221253216679713e+01
1.359796295100714815e+04
3.214936601158961422e-04
2.647929468631484706e-01
5.825928484158158227e+01
1.456052874145410169e+04
3.268124065528377285e-04
2.750205632057649563e-01
6.201872366424802863e+01
1.558182320568428622e+04
3.205962345524131685e-04
2.888612754043753950e-01
6.477171253135453810e+01
1.666913380889288965e+04
3.043760429866990266e-04
3.043035843544970587e-01
6.638625675555992700e+01
1.759648443691800639e+04
2.983533446676739668e-04
3.170089908085286234e-01
7.060230316958413255e+01
1.882215993539951887e+04
3.115161773146470862e-04
3.241048620332273589e-01
7.544097902792958621e+01
1.985659501231853937e+04
3.115329498020143802e-04
3.368738279033778316e-01
8.019208892834375035e+01
2.090753989820514471e+04
3.174895626613970841e-04
3.508752312089282732e-01
8.386753624275505103e+01
2.209484814351185560e+04
3.108927101139040980e-04
3.667257531956080174e-01
8.878115509730454846e+01
2.344555565162498897e+04
3.089434153647408116e-04
3.882591434627117866e-01
9.309153237276332504e+01
2.453236917624198031e+04
3.462920543680705356e-04
4.158439432150180526e-01
9.740170469224750605e+01
2.580077433459429085e+04
3.750568793836662226e-04
4.361277827968291221e-01
1.010772890834081181e+02
2.725497945519882342e+04
4.091295098731456497e-04
4.490107456396699170e-01
1.055095926502000339e+02
2.879618678616984107e+04
4.436235767651499945e-04
4.669599531066614961e-01
1.089640541584507645e+02
3.021170727449131664e+04
4.622806550860817602e-04
4.923227557907530194e-01
1.124927483037300817e+02
3.157335171422274652e+04
4.677667955390299361e-04
5.269880597929008648e-01
1.164955486962773250e+02
3.304859275082837121e+04
4.902087809012365847e-04
5.567817628656793749e-01
1.209719376939047493e+02
3.520644931146812451e+04
5.483097389757750741e-04
5.827149874917878503e-01
1.265867130027421865e+02
3.707236425599014183e+04
5.446399457327481645e-04
6.048513126733409129e-01
1.300518206553718699e+02
3.839736854713848879e+04
5.402595260110446907e-04
6.222651956092518644e-01
1.342188343377567321e+02
3.946254578250882332e+04
5.637969229887587535e-04
6.435188610552471378e-01
1.389252873236655716e+02
4.103449976985614921e+04
5.661614350798972696e-04
6.604057891777515010e-01
1.431778722040406819e+02
4.312586992004344211e+04
5.362163943475097829e-04
6.686984209025204073e-01
1.485013082858067719e+02
4.491642486294512491e+04
5.474433230278803741e-04
6.803267643094211836e-01
1.547588422351072381e+02
4.633533315979922918e+04
5.652283126359576798e-04
6.960353593159481767e-01
1.611906115793715060e+02
4.763768733011705626e+04
5.566517927169384447e-04
7.166706558514229775e-01
1.655141975155482612e+02
4.946847463724949193e+04
5.556868562220236259e-04
7.282691820140166916e-01
1.710002949396224494e+02
5.182749619867538422e+04
5.784979578682872660e-04
7.413147424550949882e-01
1.783406965107438964e+02
5.380327652002063405e+04
6.061706158077113070e-04
7.576863412235962381e-01
1.841925344812073320e+02
5.595995742067504762e+04
6.352703547212486387e-04
7.710741394189226661e-01
1.890957699889116270e+02
5.819842496891649353e+04
6.265318507593464845e-04
7.856057552429339674e-01
1.956470690457562966e+02
5.986993995031947998e+04
6.248521423187862727e-04
8.049465928045773655e-01
2.035920026850223792e+02
6.153075646668540139e+04
6.439767585008146630e-04
8.332182450220757541e-01
2.087162169975954669e+02
6.391109299986417318e+04
6.569614993549749730e-04
8.682864397291528702e-01
2.142090815298401196e+02
6.633316073080319620e+04
6.565386822208145847e-04
8.963577989982247640e-01
2.213242561179066001e+02
6.826773511561643681e+04
6.877409154318109199e-04
9.196492043793734750e-01
2.269140562636495702e+02
7.004927359758951934e+04
7.227644724367873709e-04
9.408841304388699811e-01
2.307125220416673699e+02
7.183767054339419701e+04
7.279480424541493171e-04
9.555947154878015048e-01
2.352156180903902793e+02
7.471998916149861179e+04
7.177342627201999071e-04
9.627045663196850400e-01
2.429927260778046900e+02
7.718167426173786225e+04
7.271983016708329257e-04
9.775446542303448672e-01
2.499480123864501024e+02
7.965945805519033456e+04
7.294797434447646261e-04
9.918613948146915993e-01
2.553915467149158474e+02
8.196869188767616288e+04
7.548516932502313771e-04
1.011491488640599012e+00
2.607170752038709907e+02
8.339654584853906999e+04
7.884635594165026939e-04
1.036381308096089082e+00
2.690810138855502487e+02
8.479862009674249566e+04
7.991956114786841420e-04
1.039811373988622334e+00
2.771270261033405404e+02
8.751752624280958844e+04
7.929971892095496501e-04
1.034110715043738304e+00
2.828213585544197599e+02
9.011090604648750741e+04
8.078769703844920682e-04
1.044749381520981846e+00
2.891681864599872824e+02
9.213001039869262604e+04
7.950787960117695809e-04
1.068825522216827473e+00
2.947450032894128071e+02
9.418664678591540724e+04
8.008413374741639012e-04
1.092346382011797568e+00
3.011061253442778707e+02
9.703012221143396164e+04
8.430047371190824146e-04
1.110924846707726843e+00
3.068369950510419812e+02
9.912981500598025741e+04
8.483275405536894404e-04
1.133357193805005103e+00
3.125600883033812920e+02
1.022176346437644534e+05
8.342530345878029687e-04
1.148785099731535420e+00
3.189914445615039540e+02
1.033688515224011207e+05
8.378541798381923707e-04
1.172552791977845565e+00
3.238158656663843544e+02
1.058766831807571143e+05
8.440521491222150938e-04
1.217945057158544619e+00
3.298327490272018849e+02
1.085465766002859891e+05
8.465465693524163370e-04
1.249983951372555913e+00
3.399574421594807632e+02
1.115337293134295905e+05
8.945595043913378988e-04
1.271411429852995933e+00
3.475419780652436543e+02
1.131744002521964867e+05
9.490219695425327175e-04
1.293841068953742957e+00
3.558262291820989276e+02
1.145885608597337268e+05
9.507463942590392960e-04
1.309806148579529372e+00
3.650102855175230161e+02
1.168101028234436235e+05
1.000928158719453700e-03
1.319810263679981110e+00
3.744662911797057063e+02
1.192627401352915476e+05
1.043058614699810720e-03
1.336364286351100716e+00
3.802331188832192765e+02
1.223330206049498956e+05
1.029528635770763549e-03
1.349967108688360673e+00
3.863058594523636771e+02
1.237312784571044031e+05
1.042363077732310316e-03
1.377152129763279831e+00
3.951234349535851038e+02
1.261011888438694295e+05
1.069888619588094765e-03
1.409064446981524332e+00
4.042785372886554001e+02
1.274993100935534603e+05
1.081300691497912849e-03
1.418169459327250248e+00
4.108380807011871525e+02
1.302294406028146477e+05
